 
 i=0 , j=0 
 3 0 2 0 0 2 0 0 0 0
 0 0 2 0 0 2 0 0 0 0
 2 0 2 0 0 2 0 0 0 0
 0 0 2 0 2 0 2 2 2 2
 0 0 0 2 0 2 0 0 0 0
 0 0 0 2 0 2 0 2 0 2
 0 0 0 0 0 0 0 2 0 0
 0 2 0 2 0 2 0 2 2 0
 0 0 2 2 2 2 0 2 2 0
 0 0 0 2 0 0 2 0 2 0
 
 i=0 , j=1 
 3 3 2 0 0 2 0 0 0 0
 0 0 2 0 0 2 0 0 0 0
 2 0 2 0 0 2 0 0 0 0
 0 0 2 0 2 0 2 2 2 2
 0 0 0 2 0 2 0 0 0 0
 0 0 0 2 0 2 0 2 0 2
 0 0 0 0 0 0 0 2 0 0
 0 2 0 2 0 2 0 2 2 0
 0 0 2 2 2 2 0 2 2 0
 0 0 0 2 0 0 2 0 2 0
 
 i=1 , j=1 
 3 3 2 0 0 2 0 0 0 0
 0 3 2 0 0 2 0 0 0 0
 2 0 2 0 0 2 0 0 0 0
 0 0 2 0 2 0 2 2 2 2
 0 0 0 2 0 2 0 0 0 0
 0 0 0 2 0 2 0 2 0 2
 0 0 0 0 0 0 0 2 0 0
 0 2 0 2 0 2 0 2 2 0
 0 0 2 2 2 2 0 2 2 0
 0 0 0 2 0 0 2 0 2 0
 
 i=2 , j=1 
 3 3 2 0 0 2 0 0 0 0
 0 3 2 0 0 2 0 0 0 0
 2 3 2 0 0 2 0 0 0 0
 0 0 2 0 2 0 2 2 2 2
 0 0 0 2 0 2 0 0 0 0
 0 0 0 2 0 2 0 2 0 2
 0 0 0 0 0 0 0 2 0 0
 0 2 0 2 0 2 0 2 2 0
 0 0 2 2 2 2 0 2 2 0
 0 0 0 2 0 0 2 0 2 0
 
 i=3 , j=1 
 3 3 2 0 0 2 0 0 0 0
 0 3 2 0 0 2 0 0 0 0
 2 3 2 0 0 2 0 0 0 0
 0 3 2 0 2 0 2 2 2 2
 0 0 0 2 0 2 0 0 0 0
 0 0 0 2 0 2 0 2 0 2
 0 0 0 0 0 0 0 2 0 0
 0 2 0 2 0 2 0 2 2 0
 0 0 2 2 2 2 0 2 2 0
 0 0 0 2 0 0 2 0 2 0
 
 i=4 , j=1 
 3 3 2 0 0 2 0 0 0 0
 0 3 2 0 0 2 0 0 0 0
 2 3 2 0 0 2 0 0 0 0
 0 3 2 0 2 0 2 2 2 2
 0 3 0 2 0 2 0 0 0 0
 0 0 0 2 0 2 0 2 0 2
 0 0 0 0 0 0 0 2 0 0
 0 2 0 2 0 2 0 2 2 0
 0 0 2 2 2 2 0 2 2 0
 0 0 0 2 0 0 2 0 2 0
 
 i=4 , j=2 
 3 3 2 0 0 2 0 0 0 0
 0 3 2 0 0 2 0 0 0 0
 2 3 2 0 0 2 0 0 0 0
 0 3 2 0 2 0 2 2 2 2
 0 3 3 2 0 2 0 0 0 0
 0 0 0 2 0 2 0 2 0 2
 0 0 0 0 0 0 0 2 0 0
 0 2 0 2 0 2 0 2 2 0
 0 0 2 2 2 2 0 2 2 0
 0 0 0 2 0 0 2 0 2 0
 
 i=5 , j=2 
 3 3 2 0 0 2 0 0 0 0
 0 3 2 0 0 2 0 0 0 0
 2 3 2 0 0 2 0 0 0 0
 0 3 2 0 2 0 2 2 2 2
 0 3 3 2 0 2 0 0 0 0
 0 0 3 2 0 2 0 2 0 2
 0 0 0 0 0 0 0 2 0 0
 0 2 0 2 0 2 0 2 2 0
 0 0 2 2 2 2 0 2 2 0
 0 0 0 2 0 0 2 0 2 0
 
 i=6 , j=2 
 3 3 2 0 0 2 0 0 0 0
 0 3 2 0 0 2 0 0 0 0
 2 3 2 0 0 2 0 0 0 0
 0 3 2 0 2 0 2 2 2 2
 0 3 3 2 0 2 0 0 0 0
 0 0 3 2 0 2 0 2 0 2
 0 0 3 0 0 0 0 2 0 0
 0 2 0 2 0 2 0 2 2 0
 0 0 2 2 2 2 0 2 2 0
 0 0 0 2 0 0 2 0 2 0
 
 i=6 , j=3 
 3 3 2 0 0 2 0 0 0 0
 0 3 2 0 0 2 0 0 0 0
 2 3 2 0 0 2 0 0 0 0
 0 3 2 0 2 0 2 2 2 2
 0 3 3 2 0 2 0 0 0 0
 0 0 3 2 0 2 0 2 0 2
 0 0 3 3 0 0 0 2 0 0
 0 2 0 2 0 2 0 2 2 0
 0 0 2 2 2 2 0 2 2 0
 0 0 0 2 0 0 2 0 2 0
 
 i=6 , j=4 
 3 3 2 0 0 2 0 0 0 0
 0 3 2 0 0 2 0 0 0 0
 2 3 2 0 0 2 0 0 0 0
 0 3 2 0 2 0 2 2 2 2
 0 3 3 2 0 2 0 0 0 0
 0 0 3 2 0 2 0 2 0 2
 0 0 3 3 3 0 0 2 0 0
 0 2 0 2 0 2 0 2 2 0
 0 0 2 2 2 2 0 2 2 0
 0 0 0 2 0 0 2 0 2 0
 
 i=6 , j=5 
 3 3 2 0 0 2 0 0 0 0
 0 3 2 0 0 2 0 0 0 0
 2 3 2 0 0 2 0 0 0 0
 0 3 2 0 2 0 2 2 2 2
 0 3 3 2 0 2 0 0 0 0
 0 0 3 2 0 2 0 2 0 2
 0 0 3 3 3 3 0 2 0 0
 0 2 0 2 0 2 0 2 2 0
 0 0 2 2 2 2 0 2 2 0
 0 0 0 2 0 0 2 0 2 0
 
 i=6 , j=6 
 3 3 2 0 0 2 0 0 0 0
 0 3 2 0 0 2 0 0 0 0
 2 3 2 0 0 2 0 0 0 0
 0 3 2 0 2 0 2 2 2 2
 0 3 3 2 0 2 0 0 0 0
 0 0 3 2 0 2 0 2 0 2
 0 0 3 3 3 3 3 2 0 0
 0 2 0 2 0 2 0 2 2 0
 0 0 2 2 2 2 0 2 2 0
 0 0 0 2 0 0 2 0 2 0
 
 i=7 , j=6 
 3 3 2 0 0 2 0 0 0 0
 0 3 2 0 0 2 0 0 0 0
 2 3 2 0 0 2 0 0 0 0
 0 3 2 0 2 0 2 2 2 2
 0 3 3 2 0 2 0 0 0 0
 0 0 3 2 0 2 0 2 0 2
 0 0 3 3 3 3 3 2 0 0
 0 2 0 2 0 2 3 2 2 0
 0 0 2 2 2 2 0 2 2 0
 0 0 0 2 0 0 2 0 2 0
 
 i=8 , j=6 
 3 3 2 0 0 2 0 0 0 0
 0 3 2 0 0 2 0 0 0 0
 2 3 2 0 0 2 0 0 0 0
 0 3 2 0 2 0 2 2 2 2
 0 3 3 2 0 2 0 0 0 0
 0 0 3 2 0 2 0 2 0 2
 0 0 3 3 3 3 3 2 0 0
 0 2 0 2 0 2 3 2 2 0
 0 0 2 2 2 2 3 2 2 0
 0 0 0 2 0 0 2 0 2 0
 
 i=5 , j=6 
 3 3 2 0 0 2 0 0 0 0
 0 3 2 0 0 2 0 0 0 0
 2 3 2 0 0 2 0 0 0 0
 0 3 2 0 2 0 2 2 2 2
 0 3 3 2 0 2 0 0 0 0
 0 0 3 2 0 2 3 2 0 2
 0 0 3 3 3 3 3 2 0 0
 0 2 0 2 0 2 0 2 2 0
 0 0 2 2 2 2 0 2 2 0
 0 0 0 2 0 0 2 0 2 0
 
 i=4 , j=6 
 3 3 2 0 0 2 0 0 0 0
 0 3 2 0 0 2 0 0 0 0
 2 3 2 0 0 2 0 0 0 0
 0 3 2 0 2 0 2 2 2 2
 0 3 3 2 0 2 3 0 0 0
 0 0 3 2 0 2 3 2 0 2
 0 0 3 3 3 3 3 2 0 0
 0 2 0 2 0 2 0 2 2 0
 0 0 2 2 2 2 0 2 2 0
 0 0 0 2 0 0 2 0 2 0
 
 i=4 , j=7 
 3 3 2 0 0 2 0 0 0 0
 0 3 2 0 0 2 0 0 0 0
 2 3 2 0 0 2 0 0 0 0
 0 3 2 0 2 0 2 2 2 2
 0 3 3 2 0 2 3 3 0 0
 0 0 3 2 0 2 3 2 0 2
 0 0 3 3 3 3 3 2 0 0
 0 2 0 2 0 2 0 2 2 0
 0 0 2 2 2 2 0 2 2 0
 0 0 0 2 0 0 2 0 2 0
 
 i=4 , j=8 
 3 3 2 0 0 2 0 0 0 0
 0 3 2 0 0 2 0 0 0 0
 2 3 2 0 0 2 0 0 0 0
 0 3 2 0 2 0 2 2 2 2
 0 3 3 2 0 2 3 3 3 0
 0 0 3 2 0 2 3 2 0 2
 0 0 3 3 3 3 3 2 0 0
 0 2 0 2 0 2 0 2 2 0
 0 0 2 2 2 2 0 2 2 0
 0 0 0 2 0 0 2 0 2 0
 
 i=4 , j=9 
 3 3 2 0 0 2 0 0 0 0
 0 3 2 0 0 2 0 0 0 0
 2 3 2 0 0 2 0 0 0 0
 0 3 2 0 2 0 2 2 2 2
 0 3 3 2 0 2 3 3 3 3
 0 0 3 2 0 2 3 2 0 2
 0 0 3 3 3 3 3 2 0 0
 0 2 0 2 0 2 0 2 2 0
 0 0 2 2 2 2 0 2 2 0
 0 0 0 2 0 0 2 0 2 0
 
 i=5 , j=8 
 3 3 2 0 0 2 0 0 0 0
 0 3 2 0 0 2 0 0 0 0
 2 3 2 0 0 2 0 0 0 0
 0 3 2 0 2 0 2 2 2 2
 0 3 3 2 0 2 3 3 3 0
 0 0 3 2 0 2 3 2 3 2
 0 0 3 3 3 3 3 2 0 0
 0 2 0 2 0 2 0 2 2 0
 0 0 2 2 2 2 0 2 2 0
 0 0 0 2 0 0 2 0 2 0
 
 i=6 , j=8 
 3 3 2 0 0 2 0 0 0 0
 0 3 2 0 0 2 0 0 0 0
 2 3 2 0 0 2 0 0 0 0
 0 3 2 0 2 0 2 2 2 2
 0 3 3 2 0 2 3 3 3 0
 0 0 3 2 0 2 3 2 3 2
 0 0 3 3 3 3 3 2 3 0
 0 2 0 2 0 2 0 2 2 0
 0 0 2 2 2 2 0 2 2 0
 0 0 0 2 0 0 2 0 2 0
 
 i=6 , j=9 
 3 3 2 0 0 2 0 0 0 0
 0 3 2 0 0 2 0 0 0 0
 2 3 2 0 0 2 0 0 0 0
 0 3 2 0 2 0 2 2 2 2
 0 3 3 2 0 2 3 3 3 0
 0 0 3 2 0 2 3 2 3 2
 0 0 3 3 3 3 3 2 3 3
 0 2 0 2 0 2 0 2 2 0
 0 0 2 2 2 2 0 2 2 0
 0 0 0 2 0 0 2 0 2 0
 
 i=7 , j=9 
 3 3 2 0 0 2 0 0 0 0
 0 3 2 0 0 2 0 0 0 0
 2 3 2 0 0 2 0 0 0 0
 0 3 2 0 2 0 2 2 2 2
 0 3 3 2 0 2 3 3 3 0
 0 0 3 2 0 2 3 2 3 2
 0 0 3 3 3 3 3 2 3 3
 0 2 0 2 0 2 0 2 2 3
 0 0 2 2 2 2 0 2 2 0
 0 0 0 2 0 0 2 0 2 0
 
 i=8 , j=9 
 3 3 2 0 0 2 0 0 0 0
 0 3 2 0 0 2 0 0 0 0
 2 3 2 0 0 2 0 0 0 0
 0 3 2 0 2 0 2 2 2 2
 0 3 3 2 0 2 3 3 3 0
 0 0 3 2 0 2 3 2 3 2
 0 0 3 3 3 3 3 2 3 3
 0 2 0 2 0 2 0 2 2 3
 0 0 2 2 2 2 0 2 2 3
 0 0 0 2 0 0 2 0 2 0
 
 i=9 , j=9 
 3 3 2 0 0 2 0 0 0 0
 0 3 2 0 0 2 0 0 0 0
 2 3 2 0 0 2 0 0 0 0
 0 3 2 0 2 0 2 2 2 2
 0 3 3 2 0 2 3 3 3 0
 0 0 3 2 0 2 3 2 3 2
 0 0 3 3 3 3 3 2 3 3
 0 2 0 2 0 2 0 2 2 3
 0 0 2 2 2 2 0 2 2 3
 0 0 0 2 0 0 2 0 2 3
恭喜你小伙子过关了
